$ANSIBLE_VAULT;1.1;AES256
65666632306664313163666330393537353430623562633934303736653132393636616363656265
6631663162653864306465626364663632323936613866650a373061316533353031363332343531
31363566383266313537376463303633613832306432636363643739653330393033343633633635
3539376539643430350a633638643635633764663464326535626631373935393339353737373764
33386636633365303063393033643531363939333039666130633033326637643837613731336335
39643966633732646361666538336538613366383331376361323637616136306662396463356139
61316364656437626236336135333034616639363431633839303433633136636237356239626138
39366337616333363034333635386437396135633133663338376261383737333466393161383431
32613032336264316230373133383139353530633235633061326530316130323136356537643736
37363064666330303037666638373861623634636338373464306434363261313832363164316461
64393465333039646534323666643232303165396266633463316464666539613934353836643163
61626330303030326231
