$ANSIBLE_VAULT;1.1;AES256
37356234376430303461356163353633333035383164313535336465633062646639333037633065
6638313131383531323331306231646665343237393330300a663834376363313130313934383165
61666231346635366532393632616337383261626261393266366431666466383662326166313837
3266333032613734610a643333333532363162393837653766323639313634396136376365323734
39363933656133323139383263386138323332376234323530313866636435656138626136633633
31366364313761636136623835633137393232323565386166653231626362636332396430326262
61616630326465373236343261666336343963383565356531626138373964336535666566333833
37663736653137623061343035653166383331656464306130366539353332396266656439316435
64333133633132626563636530656466633230366631646238366266333535643437333066323366
34616337333031383231333439313834303233616636393037363434383561633232643232386539
34333265633731383833393266666339313933656333653966636265613965366630323266336132
65613761663265363430343665353834313033643666316364383065623637623563613063616464
66373237636462383931313837646665323763313534613232326435396261623337
